ci_covered,ci_lower,ci_upper,ess,hpd_covered,hpd_lower,hpd_upper,interval,mean,method,red_fac,replicate,true,seed
False,0.0014248470818192663,0.0026980555069975685,2204.447820646898,False,0.0013814927581969154,0.002601303932864625,0.95,0.0019419500061356773,ecoevolity,0.9996854595843824,0,0.0043835739315530725,seed1234
True,0.0035062509485425364,0.004511589067612534,209.83874837473743,True,0.0035305801393508713,0.004529320119556391,0.95,0.003981410075734161,starbeast,1.0039732971305553,0,0.0043835739315530725,seed1234
False,0.003525582991441598,0.005286417208151008,1059.718057432368,False,0.003519555115026075,0.005273749059335902,0.95,0.004334469229618941,ecoevolity,1.0045435841277068,1,0.0190098750477731,seed1234
False,0.01604746300189994,0.01811584232565889,272.72566369894815,False,0.0160254250767701,0.018080892301333824,0.95,0.017059881125180885,starbeast,1.0070335369830137,1,0.0190098750477731,seed1234
True,0.0700682041052123,0.07448081553337853,4000.0,True,0.07042387697490253,0.07477630238922665,0.95,0.0725211958421097,ecoevolity,1.0004023846328354,2,0.07308484418617224,seed1234
True,0.06985626065874573,0.07424930008215226,212.27522377241462,True,0.07003726773540721,0.07435166542277298,0.95,0.07216133030962782,starbeast,1.0009758571209386,2,0.07308484418617224,seed1234
True,0.04035917757330856,0.04438333281230451,4000.0,True,0.0406275742441076,0.0446021429140975,0.95,0.042623620113524746,ecoevolity,1.0008701762267465,3,0.04280274987515832,seed1234
True,0.0396669497080008,0.0433081606198583,207.1026381291129,True,0.03968180505719382,0.04331427329637382,0.95,0.04153328491218013,starbeast,1.0479275739308187,3,0.04280274987515832,seed1234
True,0.012707737231401471,0.01650406551948163,2089.7913472893974,True,0.013073276827165598,0.016765197519990945,0.95,0.014938596198427882,ecoevolity,0.999960104512706,4,0.01459066710444241,seed1234
True,0.013541954249149982,0.015643546965589488,280.9838658331126,True,0.013518445069312452,0.015608455706355941,0.95,0.014566121332679116,starbeast,1.0166497340193652,4,0.01459066710444241,seed1234
True,0.018256339719435254,0.021895563522557875,3230.1033141398266,True,0.018438860947458082,0.021987437914646732,0.95,0.020368705230070658,ecoevolity,0.99979243480631,5,0.02122395797996756,seed1234
False,0.018345369169507828,0.020816698439121033,276.2777914354349,False,0.018308236167154147,0.020771772231396216,0.95,0.019541167952412584,starbeast,1.0000555998062206,5,0.02122395797996756,seed1234
True,0.01995230163087092,0.023732748117421355,3385.506416139811,True,0.02022235608261,0.02393408020367351,0.95,0.02218847482419202,ecoevolity,0.9996886445574179,6,0.02307720243448285,seed1234
True,0.02120205826375355,0.023720473276657328,198.88393504160987,True,0.0212446819423222,0.02374358003018579,0.95,0.02246660192154231,starbeast,1.0259949167434723,6,0.02307720243448285,seed1234
True,0.093601438766512,0.09850214094142104,4000.0,True,0.09372101690742027,0.09855491363284616,0.95,0.09624711196811536,ecoevolity,0.9997214699026192,7,0.09672155561198527,seed1234
True,0.09381627055025032,0.09836114401881314,258.33518867958315,True,0.09397786311438316,0.09847746270488424,0.95,0.09620449433172434,starbeast,1.019559246281354,7,0.09672155561198527,seed1234
False,0.12033210023941998,0.12567656306020605,4000.0,True,0.12050120146241428,0.12578304094747533,0.95,0.12313438408448828,ecoevolity,0.9997597790437146,8,0.1257520202464878,seed1234
False,0.1193433706710246,0.12568613663200798,163.97419062058134,True,0.11951463789249207,0.12578528791989546,0.95,0.12275789512769884,starbeast,1.005547771823869,8,0.1257520202464878,seed1234
True,0.0165974175142785,0.02049770894577227,4000.0,True,0.0168013280854757,0.020576009880188303,0.95,0.01889367318268784,ecoevolity,0.9995715810323244,9,0.019081341286926026,seed1234
True,0.017606046072790243,0.019933217375891918,238.00856736465497,True,0.017603121090787332,0.01992317891479248,0.95,0.018770760513792888,starbeast,1.0113364371353757,9,0.019081341286926026,seed1234
True,0.07203461897640696,0.07643690227957634,4000.0,True,0.07204478026798451,0.07643723700590961,0.95,0.0744079316429778,ecoevolity,1.000044547351728,10,0.07335293324047164,seed1234
True,0.0717232379577257,0.07632665701423863,177.68561716762244,True,0.07187119053278752,0.07643107069937005,0.95,0.07412067803833174,starbeast,0.9999291628858009,10,0.07335293324047164,seed1234
False,0.0022978708257064768,0.003983481101170098,1700.7883629014902,False,0.00224787210119911,0.003887427479085473,0.95,0.0030291460746250144,ecoevolity,1.0011481902609995,11,0.010314082679264359,seed1234
True,0.008749656646022671,0.01045679906523392,365.3331780644217,True,0.008718476628952622,0.010415354218690314,0.95,0.009595296785939143,starbeast,1.0178318583858803,11,0.010314082679264359,seed1234
True,0.002853022239526361,0.015752691091508533,66.58385129202972,True,0.0029592710529804897,0.015818269891457654,0.95,0.012117387785886804,ecoevolity,2.285019738964066,12,0.013691339239567562,seed1234
True,0.01228349276464903,0.014046011415700962,516.3677398790757,True,0.012314284600873237,0.014071036440641414,0.95,0.01316860055269312,starbeast,1.005456332816606,12,0.013691339239567562,seed1234
False,0.03583310793201342,0.03993192189188277,4000.0,True,0.03613819508786634,0.04004309681391632,0.95,0.03824369839026314,ecoevolity,0.9997749646295104,13,0.03997313445780819,seed1234
True,0.036998758111708066,0.040002163330711285,193.33034467807212,True,0.0370011915639989,0.040002229594806614,0.95,0.038569433124404334,starbeast,1.0025096580912056,13,0.03997313445780819,seed1234
True,0.08918547720895917,0.09389116578110517,4000.0,True,0.0893056896575343,0.09393708802082636,0.95,0.09172164296789848,ecoevolity,1.0001490374189237,14,0.09277089099732833,seed1234
True,0.08913161272743557,0.093789866816604,218.094447322028,True,0.08928069127143398,0.09386961052598933,0.95,0.09164923968132456,starbeast,1.001433859325245,14,0.09277089099732833,seed1234
False,0.0017384391863295167,0.0029818561644807014,3243.0378504801347,False,0.0017215555609655544,0.002946992946544697,0.95,0.0022862968445815962,ecoevolity,1.0001074633775202,15,0.003758060173177674,seed1234
False,0.002910966692458021,0.0036223627069834983,269.7331427451504,False,0.002917087951279698,0.0036266088492608256,0.95,0.003255789845446325,starbeast,1.0243791312007349,15,0.003758060173177674,seed1234
True,0.09818644820838948,0.1031282728578974,4000.0,True,0.09818452365843848,0.1031192656671784,0.95,0.1008381844599305,ecoevolity,0.9997564411205846,16,0.10291088853455577,seed1234
True,0.09827985758991242,0.10300585715771617,227.47012077836087,True,0.0983648570668639,0.10307088795303544,0.95,0.10074784947967858,starbeast,1.0185009568545094,16,0.10291088853455577,seed1234
False,0.0011137875026399505,0.002545203326539192,2081.362949965338,False,0.001036652982157396,0.002422501577310399,0.95,0.0016708759652191295,ecoevolity,1.0012675496522967,17,0.0026092176154840488,seed1234
False,0.0017619204520809536,0.0024387868899058865,272.3114027953486,False,0.0017690600800051679,0.002440165426046177,0.95,0.0020905479806359803,starbeast,1.0047942821938582,17,0.0026092176154840488,seed1234
True,0.046767870029289685,0.05095424648433634,4000.0,True,0.0469067682762316,0.05104447898724763,0.95,0.049160411833608066,ecoevolity,1.001877303070176,18,0.049436763987217865,seed1234
True,0.04750704773475846,0.05094458033583416,193.55768921562802,True,0.047612873892827035,0.05103574141226462,0.95,0.04929091610907088,starbeast,1.0064645030604278,18,0.049436763987217865,seed1234
True,0.01574731648700832,0.019448038802577082,4000.0,True,0.01595638842741217,0.019539303562183738,0.95,0.017896070775167416,ecoevolity,0.9999568453862906,19,0.018297354640441424,seed1234
False,0.015336728799775847,0.01756931579261269,392.5138829266112,False,0.015359614728517762,0.017577922917747273,0.95,0.0164579954773278,starbeast,1.0109490058499964,19,0.018297354640441424,seed1234
True,0.027159292320002738,0.03104448126286405,4000.0,True,0.02729712491084831,0.03109901289326736,0.95,0.029385154653621667,ecoevolity,1.0007212702898398,20,0.030344218842260514,seed1234
True,0.028113982644877918,0.030925680677054267,192.0689075909888,True,0.028115721648808108,0.030925821683726942,0.95,0.029569974165830005,starbeast,1.0802123821725986,20,0.030344218842260514,seed1234
True,0.10735875753387428,0.11236769607674707,3422.323560076309,True,0.10747277972154808,0.11244172202737523,0.95,0.11002198856869287,ecoevolity,1.000017045354521,21,0.11180926509767794,seed1234
True,0.10766804600047078,0.11248632805412584,247.13624460470996,True,0.10775151447287301,0.11253417610488348,0.95,0.110195096671709,starbeast,1.0133167179565157,21,0.11180926509767794,seed1234
True,0.08375297047827443,0.0884188979986823,3420.7045647726923,True,0.0838234775134415,0.08846917979280251,0.95,0.08630232103995228,ecoevolity,0.9996016346047099,22,0.08627041318675402,seed1234
True,0.0846425554815711,0.08879288349130915,227.97411782509099,True,0.08474165363514476,0.08884203900262859,0.95,0.08681331536653918,starbeast,1.008595179725558,22,0.08627041318675402,seed1234
True,0.07857113938895957,0.08299833278057267,4000.0,True,0.07858046149582971,0.08300047689984039,0.95,0.08093676712797432,ecoevolity,1.0016999367345207,23,0.08126065894877749,seed1234
True,0.07863367846807755,0.08304136754546619,197.27607438732213,True,0.07871120167420684,0.0831050359794217,0.95,0.08098301654481249,starbeast,0.999876201360995,23,0.08126065894877749,seed1234
True,0.05730440797907613,0.06143735626329495,3264.7067419318505,True,0.05738634707487561,0.061476354273357375,0.95,0.0595563262183256,ecoevolity,0.9997547017102184,24,0.060124953057199386,seed1234
True,0.058033710366547836,0.06152833607338424,248.34605079807739,True,0.058137534593548174,0.061607106349562964,0.95,0.05986824001267501,starbeast,1.0136197367157924,24,0.060124953057199386,seed1234
False,0.0020897317700697897,0.003474215296218335,2432.5874844602226,False,0.002035924443785122,0.0033836197040746424,0.95,0.002688754037437797,ecoevolity,1.0006023994611883,25,0.005084877135229324,seed1234
False,0.0040999304470089,0.005069605414240362,181.17848134640653,False,0.0040877418578749904,0.0050493890518595475,0.95,0.004567191595397436,starbeast,1.0058322613703292,25,0.005084877135229324,seed1234
False,0.0022305744628686704,0.0034899261310047244,2703.0662173838714,False,0.0022156927168129506,0.003462391370687643,0.95,0.0028263740924457177,ecoevolity,0.9997068533868548,26,0.009022307269732502,seed1234
False,0.007443652497598071,0.008772127867204806,223.87002705928143,False,0.007473892341393605,0.008794878644920092,0.95,0.008092772266453345,starbeast,1.0004975234868874,26,0.009022307269732502,seed1234
True,0.12048317422761162,0.1259133931205347,3633.0218598731703,True,0.12057661405865022,0.1259734057634699,0.95,0.1233943720655701,ecoevolity,1.000197920192906,27,0.12268700804814832,seed1234
True,0.12100247109605068,0.12583043567603686,383.91225611637225,True,0.12099576345188025,0.12580340829595602,0.95,0.12344261847490258,starbeast,1.0046324679611178,27,0.12268700804814832,seed1234
True,0.02134030429757889,0.02513680505471261,2631.427978265075,True,0.02156889819861347,0.025253176272070986,0.95,0.02354370849568751,ecoevolity,1.001141937702224,28,0.02472688398052005,seed1234
True,0.02235535454273808,0.024843097286051573,207.8038916034197,True,0.022447312693721203,0.024916381561229342,0.95,0.023675052182800055,starbeast,1.0018357327783052,28,0.02472688398052005,seed1234
True,0.033127159094675916,0.036966537751912006,4000.0,True,0.033358416508375614,0.03711135859693057,0.95,0.035330945460777634,ecoevolity,1.000120233079765,29,0.036478117649416386,seed1234
True,0.0341332390057103,0.03705341020124043,187.83593751154442,True,0.03420013257186827,0.03710482275163478,0.95,0.035662756282696065,starbeast,1.0105413419833855,29,0.036478117649416386,seed1234
False,0.02449335563071507,0.0283200357589776,4000.0,False,0.02460782382262435,0.0283775595132824,0.95,0.02664210585497127,ecoevolity,1.0008171552745655,30,0.028694908308854825,seed1234
False,0.02533157885838403,0.0279440286891322,235.76956864347943,False,0.025367931393384374,0.02796514943545207,0.95,0.026692686989749383,starbeast,1.0208030077190495,30,0.028694908308854825,seed1234
False,0.0008909733148532045,0.0014121642297209881,2699.6213791561204,False,0.0008742102347012336,0.0013845564405731853,0.95,0.0011404274797729658,ecoevolity,0.9999141321054476,31,0.002617084928992223,seed1234
False,0.0018162286421674328,0.002330530412677565,373.9188065336682,False,0.0018161265548203192,0.0023286893185375463,0.95,0.0020672938920479056,starbeast,1.002088966738626,31,0.002617084928992223,seed1234
True,0.021518964722282482,0.025360396970951386,4000.0,True,0.021797582721648508,0.0254890002780296,0.95,0.023755777017728675,ecoevolity,1.0001570773939386,32,0.02235108622873737,seed1234
True,0.02081738037094976,0.02335034511210287,494.75225942594335,True,0.020823282562182896,0.02335034511210287,0.95,0.022072713690097938,starbeast,1.0010011010504969,32,0.02235108622873737,seed1234
False,0.20428770579517969,0.2114551654990391,4000.0,True,0.20449225010866506,0.2116226397283167,0.95,0.2079474002118206,ecoevolity,1.0002220724038322,33,0.21156246158489936,seed1234
False,0.2040551059406004,0.21141135725312385,383.5933487802671,False,0.20405192165879046,0.21138554147037888,0.95,0.20777455796749836,starbeast,1.0476101004889742,33,0.21156246158489936,seed1234
False,0.0021349303622906915,0.003138832543140995,4000.0,False,0.0021140536615010266,0.003097082230491177,0.95,0.0025962545875976464,ecoevolity,0.999975181341696,34,0.0051908173288599535,seed1234
False,0.0037233333840846453,0.0044874389707071135,337.68105433949626,False,0.0037058040831828257,0.004462826638008022,0.95,0.004090270702365819,starbeast,1.0009021498575332,34,0.0051908173288599535,seed1234
True,0.029143764898123575,0.03299266448946672,3707.206114011097,True,0.029359732863340583,0.033140404814652615,0.95,0.031314806595312765,ecoevolity,1.000051958273008,35,0.03150810446777657,seed1234
True,0.02956998087625755,0.03275340215477147,180.9979214151951,True,0.0295823231475839,0.032758587856489316,0.95,0.031138112176709483,starbeast,1.0586541379336878,35,0.03150810446777657,seed1234
True,0.08430606752708159,0.08907285155196522,4000.0,True,0.08448892375689902,0.08917700594553901,0.95,0.0869085894976798,ecoevolity,0.9998090781989759,36,0.0889404777176023,seed1234
False,0.08469232244630373,0.08888310090463955,275.0070077565675,True,0.08482124627734057,0.08897095547170475,0.95,0.08691860527526106,starbeast,1.0157131079887889,36,0.0889404777176023,seed1234
True,0.12357350814775987,0.1289488945590765,3984.182211834704,True,0.12373419728178918,0.1290686190436811,0.95,0.1264057233494003,ecoevolity,0.9996502463478174,37,0.1262485727330284,seed1234
True,0.12393452800946032,0.12888511873255715,345.3014411896323,True,0.12403526274372532,0.12893422295266727,0.95,0.12652204057369346,starbeast,1.0250679419655355,37,0.1262485727330284,seed1234
False,0.002763365019882329,0.004928879227282427,1286.3334648467528,False,0.0026748431109520753,0.004739674339642556,0.95,0.00365950989409959,ecoevolity,1.0017734204212467,38,0.010678498132245536,seed1234
False,0.008960467130797137,0.010649276814271328,158.8721126831676,False,0.00900745297065294,0.010671337898853368,0.95,0.009829009516677327,starbeast,1.012832261053274,38,0.010678498132245536,seed1234
False,0.0007903549356001764,0.0011918154123769747,2675.102400411781,False,0.0007873549415527562,0.0011862827816570534,0.95,0.0009861075423178538,ecoevolity,0.9997944807050656,39,0.0021466930502439365,seed1234
False,0.0013366681397546994,0.0016904411274413654,384.7443204407892,False,0.001333097475698313,0.0016844010324027535,0.95,0.0015087473404454502,starbeast,1.001409831902368,39,0.0021466930502439365,seed1234
False,0.06398112175967144,0.06829025528914444,3177.696720829309,False,0.06410413127458088,0.06835743382320926,0.95,0.0663528245133179,ecoevolity,1.0000445599283891,40,0.06984078965164572,seed1234
False,0.06405700962933984,0.06799698653910725,195.86137022528453,False,0.06415463888553978,0.06808753236645734,0.95,0.06621920883747373,starbeast,1.000033931822317,40,0.06984078965164572,seed1234
False,0.0023081419233777433,0.0036249811578278296,3150.234853875178,False,0.002295149084255185,0.0035946052382408444,0.95,0.0028966116321772904,ecoevolity,1.001291709027857,41,0.00832642134226368,seed1234
False,0.006635637962058943,0.007978217893302709,193.52304455196222,False,0.006645706188084064,0.00798266462836939,0.95,0.0073144091675533315,starbeast,1.007007594203803,41,0.00832642134226368,seed1234
False,0.003326697894371229,0.005504842744528165,1907.5675468756147,False,0.003285593004055827,0.005400612463493318,0.95,0.004257387271765054,ecoevolity,1.0000073262515163,42,0.011684077586951088,seed1234
False,0.00955812848506016,0.011362451268678634,290.07304580934084,False,0.009590052704959044,0.011382380047365907,0.95,0.010455420316464748,starbeast,1.0029089998412313,42,0.011684077586951088,seed1234
False,0.01994979603376337,0.02373559323147944,3761.6020480876655,False,0.020144256669734868,0.02379511415637597,0.95,0.022157304267128083,ecoevolity,0.9996876144312971,43,0.023874803918264017,seed1234
True,0.021685516660937203,0.023955054173190826,207.76779055662632,True,0.02176702586289252,0.024000325854743782,0.95,0.022904994579058032,starbeast,1.00109382595399,43,0.023874803918264017,seed1234
True,0.011892574297814821,0.015613170603865653,2983.8817093567145,True,0.012135461661947202,0.015753346050974715,0.95,0.014102898574045104,ecoevolity,0.9999256738989649,44,0.013962204021118115,seed1234
True,0.013166745957095022,0.01504984878516289,320.97030918537183,True,0.013220076396461092,0.015095436402214503,0.95,0.014127965111982953,starbeast,1.0212086669652258,44,0.013962204021118115,seed1234
True,0.024510633296291884,0.02821678194719952,4000.0,True,0.024652553280492952,0.028288823919115937,0.95,0.02665007758223207,ecoevolity,1.0002905342564945,45,0.027072189287264025,seed1234
True,0.0259801921760015,0.028273638760656288,275.18860469365046,True,0.02602735768833172,0.028304874705290438,0.95,0.027222502994515084,starbeast,0.9999600174250978,45,0.027072189287264025,seed1234
True,0.04404661501038908,0.04810610901381224,4000.0,True,0.044205665324414535,0.04819499939875328,0.95,0.04628636994706522,ecoevolity,1.0014284328556078,46,0.047712562034544326,seed1234
True,0.04513061346110562,0.048132037355393176,235.11933647562716,True,0.04529257803099574,0.04826462033875716,0.95,0.04672990717836273,starbeast,1.0049996151335985,46,0.047712562034544326,seed1234
True,0.034222988777817084,0.03819356059722937,4000.0,True,0.03456322682584217,0.038374716073504615,0.95,0.03649282159350288,ecoevolity,0.99979528852876,47,0.037665145125486785,seed1234
True,0.03458710199016725,0.038066631015178716,165.99023712811018,True,0.034602047026151134,0.03807085796180576,0.95,0.03639940698602686,starbeast,0.9999167360872124,47,0.037665145125486785,seed1234
False,0.020491842934321342,0.024326925051694,4000.0,True,0.02081208844349945,0.024505095589216083,0.95,0.022770451292016783,ecoevolity,1.0008765442062937,48,0.02448952079516275,seed1234
True,0.022107395281594142,0.02462450915786747,168.55431971510984,True,0.02217332646614933,0.024677943231612227,0.95,0.023447172523815608,starbeast,1.0001255878482578,48,0.02448952079516275,seed1234
True,0.11093072152806197,0.11604677809917816,4000.0,True,0.11105072810344804,0.1161396917530477,0.95,0.11364616078451392,ecoevolity,0.9996868756697784,49,0.11416151579660434,seed1234
True,0.11004514578764177,0.1160028403354434,167.82700528262743,True,0.11025381181433376,0.11615044801686733,0.95,0.11331904021647615,starbeast,1.1697578173954577,49,0.11416151579660434,seed1234
False,0.08999858869322236,0.0948754441092414,4000.0,False,0.09013690553641858,0.09497887073724924,0.95,0.09266557887215207,ecoevolity,0.9995638251736634,50,0.09527279418729986,seed1234
True,0.0903188617209182,0.09536998342545808,176.51779914276588,True,0.09053336088925797,0.09550857198928923,0.95,0.09300237965104832,starbeast,1.1269889246113631,50,0.09527279418729986,seed1234
False,2.7884408528847804e-05,8.551495139219022e-05,2835.478461715063,False,2.6373199373820045e-05,8.270587106997788e-05,0.95,5.335585679870735e-05,ecoevolity,1.0001414494228889,51,0.00012672871579381847,seed1234
False,8.477414772138046e-10,1.3280139542823678e-07,94.9328565817556,False,6.531209616233898e-10,9.503415119446251e-08,0.95,2.295825462001737e-08,starbeast,1.0987778711677378,51,0.00012672871579381847,seed1234
True,0.07224856098574503,0.07687330613823007,3186.865490044736,True,0.07237997830643457,0.07693012073671737,0.95,0.07480019396821039,ecoevolity,0.9998435081885316,52,0.07480970672296547,seed1234
True,0.07320822717576242,0.07730804601279664,191.4457925949061,True,0.0732798322178808,0.07737226484464975,0.95,0.07533374413771471,starbeast,1.0880941409974083,52,0.07480970672296547,seed1234
False,0.004078813275658338,0.005810209253465157,874.6365383179933,False,0.004043404618997607,0.00576368341211522,0.95,0.004913103555504068,ecoevolity,1.005898182476913,53,0.02322251352912034,seed1234
False,0.020682004407941598,0.022982883698040683,230.93851664883542,False,0.020664808576512275,0.022951065885537,0.95,0.021820090733513816,starbeast,1.0194008499519185,53,0.02322251352912034,seed1234
True,0.04788658755159946,0.05208020719388436,3876.3605349419054,True,0.048066217152361285,0.052169477970360686,0.95,0.05022975900531045,ecoevolity,1.001111794993211,54,0.05093732943529633,seed1234
True,0.04756035586530772,0.05130738481196157,194.59932521696686,True,0.04759010224044195,0.05131179841970082,0.95,0.04951878595446356,starbeast,1.0002929811526506,54,0.05093732943529633,seed1234
True,0.03544034522267385,0.03942608689359688,4000.0,True,0.03577086313620284,0.03959521700477514,0.95,0.037714276882859415,ecoevolity,1.0002678349712415,55,0.038966229860844234,seed1234
False,0.035552962521571335,0.038947583572381865,195.68199630225965,True,0.03562782727284669,0.038999504669488816,0.95,0.037271470090831794,starbeast,1.0008227202347573,55,0.038966229860844234,seed1234
True,0.0565948646483266,0.06090879472587031,3773.8443676066095,True,0.05678811718491208,0.060991430404885034,0.95,0.05902504757464973,ecoevolity,0.9997349380374386,56,0.06021116005270636,seed1234
True,0.0580206077646755,0.0611719892499052,308.3783934195417,True,0.058058413500057526,0.06120117154775881,0.95,0.059639815362617324,starbeast,1.0001945974244184,56,0.06021116005270636,seed1234
True,0.1418923076271483,0.14769360050139246,4000.0,True,0.1418881461443159,0.147677759170225,0.95,0.14492460552997674,ecoevolity,1.0004347171176782,57,0.1467282467954916,seed1234
True,0.14132544512855258,0.14727389213469844,276.3387812661974,True,0.14146875489198546,0.14734879310194876,0.95,0.14447150945791934,starbeast,1.0146874111486441,57,0.1467282467954916,seed1234
True,0.11030235382222596,0.1155617457643387,4000.0,True,0.11073015218270073,0.11588527371190985,0.95,0.11309185402284633,ecoevolity,1.0000058349600212,58,0.11335449050915135,seed1234
True,0.1108519068299438,0.11570565027160205,267.73601540013215,True,0.1110100292014382,0.11579356905703173,0.95,0.11334581596858173,starbeast,1.0025413593054369,58,0.11335449050915135,seed1234
False,0.0027239459612524147,0.013660460874559865,67.98848473911146,False,0.0027435610281374076,0.013672189909432805,0.95,0.008627981457807805,ecoevolity,1.4963409367925633,59,0.01403802942651717,seed1234
True,0.012507542454750309,0.014123613674519482,215.91631310765064,True,0.012549895042538674,0.014153397153493728,0.95,0.013360956116094905,starbeast,1.005009911470662,59,0.01403802942651717,seed1234
False,0.002252788841286729,0.003523434933300797,2845.8476969050844,False,0.002232475033990812,0.003490624218859113,0.95,0.002842304992589284,ecoevolity,0.9996039611133608,60,0.0077911038836334144,seed1234
True,0.006711122143589146,0.007900055570492278,397.3171267570223,True,0.006711480085667046,0.007900055570492278,0.95,0.007293024308387894,starbeast,1.0010773604171652,60,0.0077911038836334144,seed1234
False,0.02230062353263177,0.026089838652774543,3718.675595020688,False,0.022475311954844486,0.026193220433744824,0.95,0.02448325592279631,ecoevolity,1.0000874305945735,61,0.02199744637331679,seed1234
True,0.02035102383337924,0.023123761231560368,443.07639302472165,True,0.020350384716023844,0.023115663224151144,0.95,0.02174682643956954,starbeast,1.0002244250019194,61,0.02199744637331679,seed1234
True,0.04740907372725312,0.05150041888628445,4000.0,True,0.04749070011655389,0.0515366612317593,0.95,0.049731622195877866,ecoevolity,0.9998414959613606,62,0.05051106924266387,seed1234
True,0.046944689571914194,0.0514916224754878,134.46875740007428,True,0.04699775297996964,0.05151679581183567,0.95,0.04917909563840985,starbeast,1.0075517616767942,62,0.05051106924266387,seed1234
True,0.0989427185582663,0.1039630000676188,4000.0,True,0.09907739211610024,0.10404897094103556,0.95,0.10162650804926153,ecoevolity,0.9997448727115168,63,0.10171042394999724,seed1234
True,0.09995621506115156,0.10418921832823456,369.2573971458746,True,0.10006582692557384,0.10426203819612166,0.95,0.10214646536201914,starbeast,1.0018155272915803,63,0.10171042394999724,seed1234
True,0.01372324147662336,0.017399564993587885,4000.0,True,0.014070938703254968,0.01759164016721356,0.95,0.015869334735253187,ecoevolity,0.9998695146954032,64,0.014605242717253969,seed1234
True,0.012871026687117879,0.014719548834554104,648.9043198064851,True,0.012866025450200477,0.014709958425094862,0.95,0.013785822755750759,starbeast,1.0009749340160778,64,0.014605242717253969,seed1234
True,0.011343146766848505,0.015065257251673703,3860.262170120874,True,0.01156138910543924,0.01517315340588021,0.95,0.013533715549048524,ecoevolity,1.0030414032135235,65,0.013002250723220986,seed1234
True,0.012228713899608027,0.014208361034726572,339.3904469867819,True,0.012223516778856395,0.014200329817209003,0.95,0.013199958709009463,starbeast,1.022035145910396,65,0.013002250723220986,seed1234
True,0.041389880162003914,0.04545627204205115,4000.0,True,0.04165884215942748,0.0456156452845904,0.95,0.04369144229716389,ecoevolity,0.9998285546445824,66,0.04495734035689609,seed1234
True,0.04222555171870335,0.04539069328251221,221.2694407510051,True,0.04226217203497183,0.04541686772059923,0.95,0.043923972430307316,starbeast,1.0477116055879174,66,0.04495734035689609,seed1234
False,0.08828365580372928,0.09303643035535072,3846.8577359758665,False,0.08832119284436371,0.0930589263525258,0.95,0.09087252310717504,ecoevolity,0.999614651493262,67,0.0933117835490708,seed1234
False,0.08901468548494941,0.09319932323785984,248.83316279726174,False,0.08905043079444691,0.09321658237588268,0.95,0.09117739744728967,starbeast,1.0237568038400315,67,0.0933117835490708,seed1234
True,0.17483495212430705,0.18133986118418127,3105.2150325296834,True,0.17483450108964604,0.18132534875943712,0.95,0.1781111064052348,ecoevolity,1.0002847196333802,68,0.17891988856908198,seed1234
True,0.17485786038484274,0.18128224010379204,398.1634308826509,True,0.17499926422067327,0.18139368436923728,0.95,0.17816110152048353,starbeast,1.0291454443906076,68,0.17891988856908198,seed1234
True,0.156553526616497,0.16263573395231398,3889.3547413384895,True,0.15658104546478271,0.16263932571344353,0.95,0.15973388271784436,ecoevolity,0.9999109438722428,69,0.15772044810360292,seed1234
True,0.15672173755654556,0.16276981851959998,328.82192057518773,True,0.1568675178948062,0.1628828096566272,0.95,0.15991430981086655,starbeast,1.004467602973225,69,0.15772044810360292,seed1234
True,0.02842855208541016,0.032290528046725116,3568.91850754736,True,0.028615419316110238,0.03241333528929452,0.95,0.03064508443991338,ecoevolity,0.9998829880813276,70,0.03023106246783861,seed1234
True,0.02857356013324472,0.031708434195812034,208.4726497690553,True,0.028444267749386562,0.03155266005732507,0.95,0.030087789751793437,starbeast,1.0107806075730732,70,0.03023106246783861,seed1234
True,0.02255549228977652,0.02626234870366274,4000.0,True,0.022869895626668173,0.026439082545695592,0.95,0.024714468823211273,ecoevolity,1.0006132191432702,71,0.025589251812089948,seed1234
True,0.024010784215550317,0.026298411609033942,239.78990561235986,True,0.02409871717244111,0.02637327892905712,0.95,0.02520440169077119,starbeast,1.011304532447664,71,0.025589251812089948,seed1234
False,0.052977395077497255,0.057154687555291274,4000.0,False,0.05322050866233634,0.05733873283592517,0.95,0.05529473654495494,ecoevolity,1.0008108213448017,72,0.05218774585587892,seed1234
True,0.0509274812093292,0.05523762487219426,230.52837288652614,True,0.05100764565512047,0.055302502634903536,0.95,0.05303685996388412,starbeast,1.0008613832232358,72,0.05218774585587892,seed1234
True,0.03320221098585385,0.037067360485147326,4000.0,True,0.03345175030335888,0.037250848816737264,0.95,0.03539619226283744,ecoevolity,0.9996644807916932,73,0.03511812646780256,seed1234
True,0.03331444561719801,0.03661081922802496,188.39698341171044,True,0.03340391689638848,0.036686114963906634,0.95,0.03498797844214931,starbeast,1.0162909095467176,73,0.03511812646780256,seed1234
False,0.0016189935236701047,0.0021104695208263987,3687.407340456051,False,0.0016185146622718664,0.0021064036840407847,0.95,0.001863689513721617,ecoevolity,0.9999567935500868,74,0.0026311324902575056,seed1234
False,0.001897183909503892,0.00228976450082261,199.0945960340427,False,0.0019013200009083808,0.002293003980097732,0.95,0.0020874509479657253,starbeast,1.0221224978574772,74,0.0026311324902575056,seed1234
False,0.026450592010840133,0.030261951116968295,4000.0,False,0.026642273513140628,0.030347624882273192,0.95,0.02868214038412245,ecoevolity,0.9995843271888258,75,0.031225785090179568,seed1234
False,0.02781020989017784,0.03044918639226834,186.5062274382331,False,0.027867211347821615,0.030493334557802326,0.95,0.02919424783419147,starbeast,1.0116178521515655,75,0.031225785090179568,seed1234
True,0.05895676427955227,0.06320094230171892,3451.084951630274,True,0.059151180062038726,0.06329148612347464,0.95,0.06130622407108071,ecoevolity,0.9997397168286534,76,0.06194629995605645,seed1234
True,0.059586045687081986,0.06315788202524428,227.14123355158964,True,0.05955381659476992,0.06311129780690856,0.95,0.061431957225128474,starbeast,1.0053645155898965,76,0.06194629995605645,seed1234
False,0.0013723719453823207,0.0026322885602896857,1072.7638614334078,False,0.0013212191758003086,0.002554558681592042,0.95,0.0019195647254531011,ecoevolity,1.001716588289277,77,0.006871342779996172,seed1234
True,0.00588818614956601,0.0072544684101718436,313.2559469314008,True,0.005869545596011575,0.007233254780283182,0.95,0.0065821560579746394,starbeast,0.9999228117349572,77,0.006871342779996172,seed1234
True,0.01767058632831254,0.02141338122861981,3975.701604244297,True,0.017970714280849173,0.021587874188622458,0.95,0.019877957736706097,ecoevolity,1.000740976575323,78,0.019902799959403108,seed1234
True,0.018647849151033232,0.02118770432704673,203.20186004307084,True,0.018729555759082646,0.021252726335481413,0.95,0.01998116468443178,starbeast,1.0013494207962197,78,0.019902799959403108,seed1234
True,0.13640565915066494,0.14207872208006267,3275.949700151635,True,0.1366325173115014,0.1422315922407731,0.95,0.1393179220866397,ecoevolity,0.9999402783587968,79,0.13966721840705265,seed1234
True,0.13636008461719765,0.14187596269630262,270.96390735606093,True,0.13639529383974328,0.14189062063403204,0.95,0.1392191450433905,starbeast,1.004165033659549,79,0.13966721840705265,seed1234
True,0.06636338666272057,0.07081489838505878,3544.9151840596605,True,0.06657917011274543,0.07098493975975664,0.95,0.06875381878620933,ecoevolity,1.0009683651678334,80,0.06830028445143169,seed1234
True,0.06680709845088054,0.07057520868510757,243.24994476033507,True,0.06685352745455067,0.0706043305232874,0.95,0.06875560104639414,starbeast,1.0003093513884591,80,0.06830028445143169,seed1234
True,0.07584048283331618,0.08049184448573532,4000.0,True,0.07605533049508484,0.0805714355579559,0.95,0.07839779608942217,ecoevolity,1.0005334940203292,81,0.07962496111700343,seed1234
True,0.07654687980128512,0.08034904599320564,287.2523068102137,True,0.07665503861433122,0.08041371698912211,0.95,0.07847032795016795,starbeast,1.031351456076279,81,0.07962496111700343,seed1234
False,0.027052967824313885,0.0310241265125923,2913.318575178525,False,0.0272765168661939,0.031108445578007668,0.95,0.02934555840737396,ecoevolity,0.9998142702948838,82,0.031124032361967275,seed1234
False,0.02791745153935203,0.030899988967330726,175.66964202797058,False,0.027856504802386904,0.03079440668084322,0.95,0.029342838084709968,starbeast,1.0482335353212775,82,0.031124032361967275,seed1234
True,0.010961736828876531,0.014666751250603322,2894.306831692661,True,0.011306556060047756,0.014813771128812997,0.95,0.013191507735980256,ecoevolity,0.9999603553343848,83,0.01402731408323258,seed1234
False,0.01185845469329088,0.01360443974206623,452.8911701437895,False,0.011835497053560422,0.01356757529139984,0.95,0.012732970650533032,starbeast,1.0077292563450848,83,0.01402731408323258,seed1234
True,0.115150182445461,0.12048019770152713,3455.845389097253,True,0.11532935788348365,0.12057798827649305,0.95,0.11793677155385975,ecoevolity,0.9999411233547628,84,0.11790927748406413,seed1234
True,0.11508010121462316,0.12008693922357458,312.50477614142244,True,0.1150739770934846,0.12006297268654402,0.95,0.11764766304703472,starbeast,1.0020973206655264,84,0.11790927748406413,seed1234
True,0.016324205225447874,0.020028647272393868,2984.314128668007,True,0.016781865043866227,0.02035290737732006,0.95,0.018470693776164355,ecoevolity,0.9999531942310812,85,0.01696779308471696,seed1234
False,0.014776894603384154,0.016833719003933056,621.7642347458183,False,0.014804280946203832,0.0168508089847093,0.95,0.015802716652680928,starbeast,1.0003704269530642,85,0.01696779308471696,seed1234
False,0.002118549057656953,0.0034626257414140014,2363.8418059681176,False,0.0020758988365870467,0.0034055863589445377,0.95,0.002742671443655529,ecoevolity,1.0019309975231458,86,0.008108234639661992,seed1234
True,0.006880816117580267,0.008269913226737665,272.8386144876568,True,0.006858373244441825,0.008243330798469797,0.95,0.0075586708749427875,starbeast,1.0084126437836738,86,0.008108234639661992,seed1234
True,0.019899673099531584,0.02365374096136254,3991.869941815074,True,0.020151222707675862,0.023810801322075702,0.95,0.022102743175113376,ecoevolity,1.0005201128373662,87,0.023382720658907348,seed1234
True,0.021600487601865916,0.023810818433567905,197.23960309124908,True,0.02166595345082887,0.02387006113760952,0.95,0.02275799972578184,starbeast,0.9998719767648534,87,0.023382720658907348,seed1234
False,0.11193086594690768,0.11717249385729744,4000.0,False,0.1122381968363564,0.11734987694734825,0.95,0.11472099805826008,ecoevolity,0.9999682848937276,88,0.11756460424354527,seed1234
False,0.1123146908526269,0.11709831063089048,313.38489976128574,False,0.11225863304857787,0.11699549420769485,0.95,0.11478698072300013,starbeast,1.003657456292533,88,0.11756460424354527,seed1234
False,0.002554743750301755,0.004288727585009153,2249.484867884104,False,0.002480347248968139,0.00415424241643556,0.95,0.00328822091299164,ecoevolity,0.99988588713537,89,0.006791446359882343,seed1234
False,0.005200327386528075,0.006385415556816088,413.0616545631745,False,0.0051942178095948435,0.006376068212101025,0.95,0.005774520083952322,starbeast,1.0005763753070631,89,0.006791446359882343,seed1234
True,0.030259245583841937,0.034132136342753416,3506.8673428163224,True,0.030478586713265737,0.03430767736538345,0.95,0.03246533404844888,ecoevolity,1.0002501399380637,90,0.03317121002985755,seed1234
True,0.03172556432474808,0.03433511545262558,227.31707888763933,True,0.03179584989872663,0.03438379487980185,0.95,0.033082507534690685,starbeast,1.0177338436223875,90,0.03317121002985755,seed1234
True,0.012052362368092892,0.01587378321660992,2965.810454476279,True,0.012440691003493784,0.016071013688200544,0.95,0.014339056124597334,ecoevolity,0.9996295872356206,91,0.015327464291380996,seed1234
True,0.013690464209815971,0.015926274711596498,176.99691462875137,True,0.01367411565935672,0.01590406331696404,0.95,0.01476893056551019,starbeast,1.0097468233714688,91,0.015327464291380996,seed1234
True,0.0567372957501997,0.061036534562887414,4000.0,True,0.0568510309285003,0.06108877841636313,0.95,0.059165245847998926,ecoevolity,0.999952602454767,92,0.060586403282433164,seed1234
True,0.0578859031055227,0.06145584291961195,191.28768826165592,True,0.05794806089107269,0.06148299053052346,0.95,0.05980467651754427,starbeast,1.0000515616243904,92,0.060586403282433164,seed1234
True,0.19216318229251209,0.19921207033643748,4000.0,True,0.1924331066976228,0.19941011100561504,0.95,0.19579573241698886,ecoevolity,0.9998688394102058,93,0.19360464042563455,seed1234
True,0.1921544439244123,0.1991527755715952,383.21025356621584,True,0.19207798897854395,0.19906020508661387,0.95,0.19570975410598093,starbeast,1.0054821750229657,93,0.19360464042563455,seed1234
True,0.015435587257231759,0.01918323431170984,3615.190227151747,True,0.015652218166345638,0.0192666034965714,0.95,0.01762529642006621,ecoevolity,1.0006675353902317,94,0.01813790118798473,seed1234
True,0.016134578279355542,0.01823231815204498,359.67892172206285,True,0.016134578279355542,0.01823030510843735,0.95,0.017192519494372834,starbeast,1.0038132554316457,94,0.01813790118798473,seed1234
True,0.02534694612559108,0.029271674853930712,4000.0,True,0.025695070688909867,0.029481838360954887,0.95,0.027647593127001636,ecoevolity,0.9998375370992256,95,0.02759435855694797,seed1234
True,0.02566634485999049,0.02887042877800465,171.28901127942538,True,0.025621983098235216,0.028810180599396717,0.95,0.027126964438047064,starbeast,1.0687614317564833,95,0.02759435855694797,seed1234
True,0.0021576833940191533,0.014187803014466316,66.1583788795446,True,0.002048651605834153,0.013975953504317335,0.95,0.0054851531176501895,ecoevolity,1.420536198565546,96,0.011274637184289091,seed1234
True,0.009540957049958176,0.011390898008612305,622.6575995627138,True,0.009563215706050732,0.011403278918502943,0.95,0.010476344202515257,starbeast,1.000079756915153,96,0.011274637184289091,seed1234
True,0.07967685981546406,0.08416738364446212,3484.464704392624,True,0.07967666863818577,0.08415094035790452,0.95,0.08207734068713864,ecoevolity,1.0019848271857017,97,0.07984551813498736,seed1234
True,0.07860932360899378,0.0837202910264738,180.5063778402745,True,0.07876732050737859,0.08382648634692462,0.95,0.08135611244495211,starbeast,1.0298720696992891,97,0.07984551813498736,seed1234
False,0.01805631723826534,0.021718086884857508,3110.842242748385,True,0.018268247619654697,0.021858790708348053,0.95,0.020138556088148137,ecoevolity,0.9997733094456932,98,0.0218506309087708,seed1234
True,0.019695592735309637,0.02192726125417946,204.27162546744773,True,0.019705202943955048,0.02193010598379013,0.95,0.02085226763874131,starbeast,1.028527296776461,98,0.0218506309087708,seed1234
False,0.0018149582479105933,0.003479881862380814,1749.959327368885,False,0.0017184779772196385,0.003267716225455187,0.95,0.002475829406655546,ecoevolity,1.0014339924374926,99,0.006444554676443165,seed1234
True,0.00562801551215781,0.006850123672113743,252.83509874145903,True,0.005645354151674798,0.0068559248005577245,0.95,0.006252400333730838,starbeast,1.0047599260370013,99,0.006444554676443165,seed1234
